MMFE8_L1P1_HOL 483.7239250 603.6262377 608.9986428 
MMFE8_L1P1_HOR 533.3880357 519.9570230 532.6554350 
MMFE8_L1P1_IPL 483.6235809 560.0582527 525.1376199 
MMFE8_L1P1_IPR 407.8690878 495.7812003 560.7384614 
MMFE8_L1P2_HOL 544.1173058 657.9146128 680.3810339 
MMFE8_L1P2_HOR 610.9935366 706.2316262 600.9813272 
MMFE8_L1P2_IPL 533.6801879 562.9842155 515.8535712 
MMFE8_L1P2_IPR 562.1099787 552.3419695 578.4713941 
MMFE8_L1P3_HOL 547.1547126 577.1913409 653.8702130 
MMFE8_L1P3_HOR 593.3520681 615.3300887 586.7586619 
MMFE8_L1P3_IPL 573.0119649 714.8922984 613.3050028 
MMFE8_L1P3_IPR 546.2871358 479.8646733 549.2175386 
MMFE8_L1P4_HOL 543.2888010 600.9200552 522.0433810 
MMFE8_L1P4_HOR 426.6134535 635.8930801 465.1971195 
MMFE8_L1P4_IPL 492.3579571 621.0514781 552.4312136 
MMFE8_L1P4_IPR 581.9639013 623.4779404 574.1494940 
MMFE8_L1P5_HOL 593.7814165 612.5848341 779.1293908 
MMFE8_L1P5_HOR 548.2274176 669.3507315 594.3812610 
MMFE8_L1P5_IPL 531.6129220 760.4285372 522.8217137 
MMFE8_L1P5_IPR 472.5621687 634.4669507 601.9883202 
MMFE8_L1P6_HOL 548.7726501 654.9997500 726.5504173 
MMFE8_L1P6_HOR 560.8210455 605.9980879 637.2557173 
MMFE8_L1P6_IPL 650.9309302 654.5939336 630.9065114 
MMFE8_L1P6_IPR 580.5098000 583.6844030 648.6416640 
MMFE8_L1P7_HOL 554.9056279 590.3146612 583.7212550 
MMFE8_L1P7_HOR 617.6828469 542.4691762 684.3495096 
MMFE8_L1P7_IPL 440.9710950 690.0553590 580.1652557 
MMFE8_L1P7_IPR 599.9454743 758.6756235 615.8184892 
MMFE8_L1P8_HOL 573.2619372 565.2033296 656.2900152 
MMFE8_L1P8_HOR 566.6227989 684.5715098 550.9939842 
MMFE8_L1P8_IPL 487.6568807 565.3125537 617.0830024 
MMFE8_L1P8_IPR 579.9166154 628.5124611 672.9569029 
MMFE8_L2P1_HOL 593.2650440 495.0965517 621.5922706 
MMFE8_L2P1_HOR 538.1215241 587.9383710 509.5500972 
MMFE8_L2P1_IPL 589.7001646 606.5499805 640.4938124 
MMFE8_L2P1_IPR 576.2602720 634.3799266 549.6424470 
MMFE8_L2P2_HOL 528.5084711 920.2056394 560.9871016 
MMFE8_L2P2_HOR 415.2408268 572.5058045 667.2554936 
MMFE8_L2P2_IPL 592.6239074 629.0097416 555.7496727 
MMFE8_L2P2_IPR 599.7168140 580.1807957 582.6227980 
MMFE8_L2P3_HOL 502.6210267 567.3340876 565.1362855 
MMFE8_L2P3_HOR 603.9050700 452.7451278 653.4777166 
MMFE8_L2P3_IPL 672.0893261 567.5716278 578.0722377 
MMFE8_L2P3_IPR 548.4782779 605.3769314 550.6760799 
MMFE8_L2P4_HOL 544.6603183 640.8752087 576.8947486 
MMFE8_L2P4_HOR 530.3159968 541.5492073 606.7506687 
MMFE8_L2P4_IPL 520.5368876 532.2584986 545.4453110 
MMFE8_L2P4_IPR 630.0824466 660.8516755 822.0238271 
MMFE8_L2P5_HOL 473.7463476 647.3727109 534.0638043 
MMFE8_L2P5_HOR 500.8614531 589.9945369 532.6074829 
MMFE8_L2P5_IPL 537.3867034 546.9105124 503.6870717 
MMFE8_L2P5_IPR 572.5870565 593.5882763 712.0253877 
MMFE8_L2P6_HOL 547.3030088 719.2199704 594.1894528 
MMFE8_L2P6_HOR 462.5109170 495.7221482 558.4816073 
MMFE8_L2P6_IPL 563.9743364 547.1245206 565.9279383 
MMFE8_L2P6_IPR 646.9846545 747.1067486 564.6891771 
MMFE8_L2P7_HOL 521.4089044 604.9253829 839.3576034 
MMFE8_L2P7_HOR 606.5846125 562.3843709 587.7811948 
MMFE8_L2P7_IPL 638.8190428 742.8483406 667.3904697 
MMFE8_L2P7_IPR 524.7819756 496.6989492 665.9297083 
MMFE8_L2P8_HOL 555.4943725 564.0413805 550.3661676 
MMFE8_L2P8_HOR 504.4565245 510.5615302 591.3918062 
MMFE8_L2P8_IPL 580.9569084 656.1705791 664.4733869 
MMFE8_L2P8_IPR 544.6057062 643.5067992 619.5751767 
MMFE8_L3P1_HOL 637.4151135 584.9120641 654.7533298 
MMFE8_L3P1_HOR 598.3888088 618.6574279 600.5866109 
MMFE8_L3P1_IPL 482.8341481 674.0429279 504.5679686 
MMFE8_L3P1_IPR 547.9485854 509.8533495 553.5651906 
MMFE8_L3P2_HOL 650.2094295 582.0775655 660.9542396 
MMFE8_L3P2_HOR 486.7022798 644.4556281 465.7010600 
MMFE8_L3P2_IPL 506.0877820 530.5078050 563.4748360 
MMFE8_L3P2_IPR 589.1793521 722.7568777 504.4418724 
MMFE8_L3P3_HOL 494.1677028 567.4277717 626.7684275 
MMFE8_L3P3_HOR 556.5937175 586.8745460 496.2762608 
MMFE8_L3P3_IPL 588.6842917 490.7599996 580.6256841 
MMFE8_L3P3_IPR 545.6135872 629.3742659 497.7503422 
MMFE8_L3P4_HOL 500.0462683 535.6995018 611.4015730 
MMFE8_L3P4_HOR 442.6112623 549.8151631 530.0349445 
MMFE8_L3P4_IPL 540.1408380 643.9259356 572.6194686 
MMFE8_L3P4_IPR 568.0755683 538.2831403 604.7056027 
MMFE8_L3P5_HOL 619.8961890 545.1709187 509.5176852 
MMFE8_L3P5_HOR 551.1276283 694.4731631 577.5012531 
MMFE8_L3P5_IPL 483.9246132 689.2970063 574.5228983 
MMFE8_L3P5_IPR 526.5593092 668.4396427 615.2039926 
MMFE8_L3P6_HOL 488.3748293 540.3894782 758.4602833 
MMFE8_L3P6_HOR 630.8150473 614.4536319 633.7454500 
MMFE8_L3P6_IPL 518.8017339 663.3682699 578.6307902 
MMFE8_L3P6_IPR 597.8679963 615.6946131 683.3380767 
MMFE8_L3P7_HOL 569.2508374 734.5743929 618.0908833 
MMFE8_L3P7_HOR 516.1612635 639.4823794 643.6337833 
MMFE8_L3P7_IPL 470.8448048 519.9290510 594.6543213 
MMFE8_L3P7_IPR 632.9915373 673.0403750 631.2821357 
MMFE8_L3P8_HOL 578.5850582 646.7169222 622.0526990 
MMFE8_L3P8_HOR 659.0183978 729.8364644 602.1197443 
MMFE8_L3P8_IPL 592.8010635 698.5397630 579.1258507 
MMFE8_L3P8_IPR 492.5764053 633.9683383 516.9964283 
MMFE8_L4P1_HOL 561.0741257 562.0509266 443.6137854 
MMFE8_L4P1_HOR 503.9947640 665.1669156 535.9849941 
MMFE8_L4P1_IPL 571.8211558 629.2082098 695.3864720 
MMFE8_L4P1_IPR 516.1435034 582.0775655 541.2961271 
MMFE8_L4P2_HOL 545.1118667 563.4268839 503.5978277 
MMFE8_L4P2_HOR 555.1262961 648.8991843 547.8002892 
MMFE8_L4P2_IPL 608.8916387 596.4374270 650.8940782 
MMFE8_L4P2_IPR 564.2487287 613.8213753 649.2304086 
MMFE8_L4P3_HOL 545.2601628 561.6215782 735.4921417 
MMFE8_L4P3_HOR 540.5155744 567.8660001 660.9062876 
MMFE8_L4P3_IPL 551.2670445 678.7395644 614.2707037 
MMFE8_L4P3_IPR 462.9646854 541.8413596 644.8938565 
MMFE8_L4P4_HOL 564.0111885 603.5716257 592.8268156 
MMFE8_L4P4_HOR 536.5213466 494.5189071 544.0915537 
MMFE8_L4P4_IPL 666.0020804 731.2035417 744.3903541 
MMFE8_L4P4_IPR 526.7924095 570.7484508 577.3418570 
MMFE8_L4P5_HOL 470.9229489 574.2196461 595.2208658 
MMFE8_L4P5_HOR 659.0206178 782.0975336 689.5456465 
MMFE8_L4P5_IPL 603.5325536 663.6058101 592.7877435 
MMFE8_L4P5_IPR 578.5326661 757.7756347 841.2921132 
MMFE8_L4P6_HOL 508.6869604 539.2119891 567.2950156 
MMFE8_L4P6_HOR 509.3192170 587.2190903 531.2972377 
MMFE8_L4P6_IPL 552.7477859 549.0847824 560.5621932 
MMFE8_L4P6_IPR 559.0814518 612.5613021 482.1583795 
MMFE8_L4P7_HOL 506.6831866 623.4108963 574.0824499 
MMFE8_L4P7_HOR 493.1171978 577.1220768 582.2502816 
MMFE8_L4P7_IPL 593.4790522 558.5584193 616.9222742 
MMFE8_L4P7_IPR 551.1143083 717.9030652 604.5941586 
MMFE8_L4P8_HOL 592.9315997 624.6776295 525.0439358 
MMFE8_L4P8_HOR 476.0600338 552.4947056 595.4739461 
MMFE8_L4P8_IPL 486.5673036 599.3878097 720.7553239 
MMFE8_L4P8_IPR 563.2328557 708.7761926 634.5393228 
