MMFE8_L1P1_HOL 546.0988796 660.8729876 630.8363593 
MMFE8_L1P1_HOR 577.0665767 483.5378590 539.7039416 
MMFE8_L1P1_IPL 570.0851142 589.8653328 514.6516620 
MMFE8_L1P1_IPR 552.8472420 600.4662867 637.3405214 
MMFE8_L1P2_HOL 597.2872438 574.8208226 503.5143258 
MMFE8_L1P2_HOR 521.8884249 511.6320152 511.3878150 
MMFE8_L1P2_IPL 571.8881999 614.8674403 574.5744024 
MMFE8_L1P2_IPR 472.0715482 517.9812212 434.7089131 
MMFE8_L1P3_HOL 524.5133553 507.9077099 491.0578941 
MMFE8_L1P3_HOR 545.2637148 653.2002163 544.2869139 
MMFE8_L1P3_IPL 562.1725827 560.9515816 585.3716046 
MMFE8_L1P3_IPR 581.3183247 559.3403041 563.4917080 
MMFE8_L1P4_HOL 525.4466442 510.7946304 628.2549409 
MMFE8_L1P4_HOR 572.2260842 486.2675736 549.0270624 
MMFE8_L1P4_IPL 522.0189312 647.2936788 545.7063832 
MMFE8_L1P4_IPR 570.7151508 491.1058461 577.5527572 
MMFE8_L1P5_HOL 643.3886951 590.8856457 585.0248402 
MMFE8_L1P5_HOR 518.8487980 617.2614905 561.5838382 
MMFE8_L1P5_IPL 522.1215251 489.1544643 639.0934351 
MMFE8_L1P5_IPR 501.5127719 581.3662768 553.0390501 
MMFE8_L1P6_HOL 509.8657815 517.1917884 524.2735951 
MMFE8_L1P6_HOR 441.9256959 680.7535502 627.7621004 
MMFE8_L1P6_IPL 622.3395233 598.8963013 512.9377906 
MMFE8_L1P6_IPR 616.8210421 596.0640226 691.3021122 
MMFE8_L1P7_HOL 583.0823384 521.0554801 541.3240991 
MMFE8_L1P7_HOR 636.6514328 510.8882847 562.6587632 
MMFE8_L1P7_IPL 473.0807612 456.9635460 570.2724824 
MMFE8_L1P7_IPR 415.5085590 643.8358035 553.4817186 
MMFE8_L1P8_HOL 472.4462846 574.7662106 637.7698698 
MMFE8_L1P8_HOR 560.7486734 537.3054513 638.8927469 
MMFE8_L1P8_IPL 494.7799794 620.7872979 617.1242944 
MMFE8_L1P8_IPR 616.3348617 591.4264382 561.6340102 
MMFE8_L2P1_HOL 578.7715383 583.8997432 558.0145188 
MMFE8_L2P1_HOR 601.8156040 620.3748215 586.4309895 
MMFE8_L2P1_IPL 539.9001898 515.9685673 539.6559896 
MMFE8_L2P1_IPR 506.7870528 470.8896191 603.2461734 
MMFE8_L2P2_HOL 467.9636563 579.8073913 457.2188462 
MMFE8_L2P2_HOR 577.3129970 527.7403504 585.8600050 
MMFE8_L2P2_IPL 544.8823185 672.3548383 496.0422427 
MMFE8_L2P2_IPR 624.4893733 619.1169683 530.9606854 
MMFE8_L2P3_HOL 601.3383036 514.8913925 557.3822622 
MMFE8_L2P3_HOR 542.3399721 513.2801150 576.2838040 
MMFE8_L2P3_IPL 500.2873307 572.8148287 543.0224007 
MMFE8_L2P3_IPR 561.9829946 515.0965505 629.1380577 
MMFE8_L2P4_HOL 551.4668447 571.0028630 565.1420575 
MMFE8_L2P4_HOR 486.3656976 581.3596168 498.8199094 
MMFE8_L2P4_IPL 496.5284232 538.7750927 564.4161168 
MMFE8_L2P4_IPR 527.3411642 528.5621653 635.0334953 
MMFE8_L2P5_HOL 541.1647030 565.0963255 592.4467512 
MMFE8_L2P5_HOR 487.3513786 547.6688651 516.1670355 
MMFE8_L2P5_IPL 635.8162680 644.1190758 558.8931957 
MMFE8_L2P5_IPR 642.9895387 571.4388714 712.5866042 
MMFE8_L2P6_HOL 509.5167674 629.6633102 552.9844381 
MMFE8_L2P6_HOR 523.4428703 599.3891417 548.5954940 
MMFE8_L2P6_IPL 518.7027219 540.6807425 446.4194241 
MMFE8_L2P6_IPR 661.6078082 576.3819281 584.1963354 
MMFE8_L2P7_HOL 483.8322313 599.5831699 528.7651033 
MMFE8_L2P7_HOR 403.0063953 587.3775984 571.5045835 
MMFE8_L2P7_IPL 470.6085668 537.7636598 535.3216575 
MMFE8_L2P7_IPR 477.6837135 554.6068156 502.5921667 
MMFE8_L2P8_HOL 546.2449558 563.3389718 626.5868313 
MMFE8_L2P8_HOR 568.1292923 502.4394008 577.8973015 
MMFE8_L2P8_IPL 511.5618333 655.6399986 580.9147284 
MMFE8_L2P8_IPR 513.3849289 556.1199690 491.1626782 
MMFE8_L3P1_HOL 507.2164013 566.0686864 514.0540077 
MMFE8_L3P1_HOR 544.6403382 508.4987043 514.6037100 
MMFE8_L3P1_IPL 591.6182464 454.6218878 523.2421821 
MMFE8_L3P1_IPR 573.5385494 627.5068002 577.9341536 
MMFE8_L3P2_HOL 541.5482895 668.2882385 610.1685839 
MMFE8_L3P2_HOR 525.6339826 523.6803807 585.4630686 
MMFE8_L3P2_IPL 491.1102861 478.6560744 414.9198145 
MMFE8_L3P2_IPR 472.9369050 540.5803984 502.4851328 
MMFE8_L3P3_HOL 607.0921050 521.3777946 558.2520590 
MMFE8_L3P3_HOR 459.3118642 604.1226302 492.7672957 
MMFE8_L3P3_IPL 285.5752723 624.2407331 499.9427864 
MMFE8_L3P3_IPR 524.2167332 533.0079713 530.5659690 
MMFE8_L3P4_HOL 569.1540453 576.7242524 460.2407131 
MMFE8_L3P4_HOR 504.7810590 446.6614043 639.5796155 
MMFE8_L3P4_IPL 496.6744993 480.3130840 605.3436313 
MMFE8_L3P4_IPR 592.4511912 528.2265308 501.6086760 
MMFE8_L3P5_HOL 484.9049363 615.5520889 548.3970258 
MMFE8_L3P5_HOR 583.8127191 538.6356766 506.8896467 
MMFE8_L3P5_IPL 620.8721019 515.6217732 546.6352321 
MMFE8_L3P5_IPR 490.9007179 578.3244299 551.9508051 
MMFE8_L3P6_HOL 601.4821597 610.5175682 568.5151287 
MMFE8_L3P6_HOR 438.0664442 650.2764736 512.5475143 
MMFE8_L3P6_IPL 604.0746781 626.5410993 568.9098451 
MMFE8_L3P6_IPR 555.3305363 514.3048679 434.9397933 
MMFE8_L3P7_HOL 461.9088226 587.4277705 669.2348474 
MMFE8_L3P7_HOR 555.9516631 544.4742523 667.0627974 
MMFE8_L3P7_IPL 462.1898749 527.8797367 549.3693867 
MMFE8_L3P7_IPR 476.0156039 439.3855695 586.6383377 
MMFE8_L3P8_HOL 575.6972795 597.1868997 516.3565938 
MMFE8_L3P8_HOR 535.9361541 476.3512682 516.6443061 
MMFE8_L3P8_IPL 498.2356048 543.9010776 527.2954619 
MMFE8_L3P8_IPR 470.7870550 507.9054899 597.0386035 
MMFE8_L4P1_HOL 596.1097546 560.9449216 476.9400128 
MMFE8_L4P1_HOR 518.4083198 482.5108860 604.8552309 
MMFE8_L4P1_IPL 544.9760026 522.5095814 504.9271351 
MMFE8_L4P1_IPR 599.7683181 599.7683181 556.5448774 
MMFE8_L4P2_HOL 416.1798876 589.3178803 547.5596410 
MMFE8_L4P2_HOR 611.3460730 638.2080982 702.1885584 
MMFE8_L4P2_IPL 610.1339518 599.1449415 574.2365181 
MMFE8_L4P2_IPR 503.7105740 653.1611443 570.3772664 
MMFE8_L4P3_HOL 602.2147604 549.9559112 611.7385693 
MMFE8_L4P3_HOR 500.1390346 542.3857041 418.0877574 
MMFE8_L4P3_IPL 599.4806058 517.4292989 635.8664400 
MMFE8_L4P3_IPR 475.2372712 569.2543894 545.5669671 
MMFE8_L4P4_HOL 563.6422241 676.2185300 539.7106016 
MMFE8_L4P4_HOR 542.1392839 602.2125404 569.2455094 
MMFE8_L4P4_IPL 569.6837378 613.8839794 493.2490361 
MMFE8_L4P4_IPR 470.7937150 612.4298780 538.6814086 
MMFE8_L4P5_HOL 611.5512012 516.0689114 618.3888076 
MMFE8_L4P5_HOR 549.3236547 605.9781079 526.8572335 
MMFE8_L4P5_IPL 608.9085107 479.9707596 560.3126650 
MMFE8_L4P5_IPR 547.5205690 554.6023756 636.8978530 
MMFE8_L4P6_HOL 543.6067053 643.7287994 525.5358585 
MMFE8_L4P6_HOR 521.6832967 603.2461734 605.6881757 
MMFE8_L4P6_IPL 528.6669792 579.4606270 513.2823350 
MMFE8_L4P6_IPR 476.5452964 623.3096642 548.3401937 
MMFE8_L4P7_HOL 504.3863426 617.4510787 574.4718383 
MMFE8_L4P7_HOR 553.9590190 436.4986787 580.8210443 
MMFE8_L4P7_IPL 518.8576780 168.9187042 623.1311761 
MMFE8_L4P7_IPR 492.0848670 562.9029634 589.2765882 
MMFE8_L4P8_HOL 507.6546297 540.6216607 652.7095959 
MMFE8_L4P8_HOR 564.0169605 577.2037729 604.5541986 
MMFE8_L4P8_IPL 577.3587290 509.4710354 579.8007313 
MMFE8_L4P8_IPR 505.7511999 589.5119084 526.5082194 
