MMFE8_L1P1_HOL 467.8597900 612.6705262 616.3335297 
MMFE8_L1P1_HOR 510.3874820 525.0394958 537.0053071 
MMFE8_L1P1_IPL 453.2535083 484.9995382 457.4049122 
MMFE8_L1P1_IPR 397.2725739 507.6511075 566.9917633 
MMFE8_L1P2_HOL 521.9084049 644.9853206 663.7887383 
MMFE8_L1P2_HOR 590.5331094 720.6918318 611.2901289 
MMFE8_L1P2_IPL 516.4924878 522.1090931 482.0602554 
MMFE8_L1P2_IPR 538.6188046 565.9692303 584.0400473 
MMFE8_L1P3_HOL 534.6090368 584.4258837 661.5931562 
MMFE8_L1P3_HOR 579.5809511 623.5369924 595.4539660 
MMFE8_L1P3_IPL 466.5273448 567.3820396 512.6811882 
MMFE8_L1P3_IPR 521.0363880 500.2793685 557.4222223 
MMFE8_L1P4_HOL 519.6604308 585.5944928 518.6836298 
MMFE8_L1P4_HOR 411.5733833 640.6332285 471.1582691 
MMFE8_L1P4_IPL 495.8291523 642.5934904 519.7607749 
MMFE8_L1P4_IPR 562.8705514 629.5372141 573.3711613 
MMFE8_L1P5_HOL 574.4003542 616.6469940 763.4113320 
MMFE8_L1P5_HOR 530.2156527 661.3511760 611.0459287 
MMFE8_L1P5_IPL 506.8527947 737.1336113 475.1067649 
MMFE8_L1P5_IPR 463.4832481 645.1682488 621.7250267 
MMFE8_L1P6_HOL 533.2051075 645.7814134 741.7521036 
MMFE8_L1P6_HOR 535.9192820 595.7483383 652.4027916 
MMFE8_L1P6_IPL 623.8748768 591.6404464 562.0922187 
MMFE8_L1P6_IPR 559.2732600 590.2866892 653.2903484 
MMFE8_L1P7_HOL 526.6831854 562.8248193 557.6966145 
MMFE8_L1P7_HOR 600.4951468 560.2021089 691.8260327 
MMFE8_L1P7_IPL 413.6273292 635.1169673 506.1792461 
MMFE8_L1P7_IPR 561.7654344 759.5676204 598.1512686 
MMFE8_L1P8_HOL 538.0189600 528.2509508 632.0360484 
MMFE8_L1P8_HOR 536.5994907 674.3284202 541.2392950 
MMFE8_L1P8_IPL 461.7805363 519.4117905 566.2982346 
MMFE8_L1P8_IPR 557.4635143 609.4781632 668.3304186 
MMFE8_L2P1_HOL 579.0099666 505.0172970 629.0710136 
MMFE8_L2P1_HOR 513.1695887 586.9180580 509.5065852 
MMFE8_L2P1_IPL 564.0222885 600.8965231 622.6303436 
MMFE8_L2P1_IPR 557.4590743 645.3711570 562.8314794 
MMFE8_L2P2_HOL 524.2633831 572.8592288 512.0533716 
MMFE8_L2P2_HOR 394.9264757 580.7628802 674.2915682 
MMFE8_L2P2_IPL 571.7252517 636.6825128 564.3992448 
MMFE8_L2P2_IPR 572.6128086 589.9510249 587.5090226 
MMFE8_L2P3_HOL 474.5011483 572.6696406 563.8784323 
MMFE8_L2P3_HOR 592.0875549 460.9520315 656.0680150 
MMFE8_L2P3_IPL 644.5581922 547.6107010 562.5069150 
MMFE8_L2P3_IPR 532.3632827 611.2399569 560.6905093 
MMFE8_L2P4_HOL 523.6200265 649.6273450 583.2048825 
MMFE8_L2P4_HOR 566.5402148 637.1140812 735.5267738 
MMFE8_L2P4_IPL 506.1836861 527.4291061 545.7441233 
MMFE8_L2P4_IPR 457.6859645 606.1597041 579.7860793 
MMFE8_L2P5_HOL 444.5035921 623.2581602 527.7758704 
MMFE8_L2P5_HOR 557.1846820 576.4765002 495.1578237 
MMFE8_L2P5_IPL 585.1518243 632.5266689 592.7220315 
MMFE8_L2P5_IPR 528.3299829 588.6474396 637.2432853 
MMFE8_L2P6_HOL 521.9630169 740.5222225 592.0484828 
MMFE8_L2P6_HOR 453.9661290 506.7133786 577.7756454 
MMFE8_L2P6_IPL 545.1274067 549.0346104 566.8612271 
MMFE8_L2P6_IPR 639.1724671 754.4349755 559.8073925 
MMFE8_L2P7_HOL 499.9738962 609.1313989 833.5514099 
MMFE8_L2P7_HOR 582.5637459 564.4929289 582.5637459 
MMFE8_L2P7_IPL 615.9254933 750.7240200 671.8473459 
MMFE8_L2P7_IPR 505.7911897 496.2673808 664.0329385 
MMFE8_L2P8_HOL 525.9594647 531.8202702 519.3660585 
MMFE8_L2P8_HOR 472.9200628 492.7002814 580.3681638 
MMFE8_L2P8_IPL 558.7546675 632.2589366 632.7473371 
MMFE8_L2P8_IPR 520.2882473 647.7607672 630.6667511 
MMFE8_L3P1_HOL 615.3021167 582.5792859 655.5951546 
MMFE8_L3P1_HOR 578.4647341 626.5721793 611.4317651 
MMFE8_L3P1_IPL 456.8618997 663.9436944 510.8301505 
MMFE8_L3P1_IPR 524.7038315 513.4706209 557.1824620 
MMFE8_L3P2_HOL 607.2479491 554.2564993 639.4823794 
MMFE8_L3P2_HOR 467.2688255 650.6631980 473.6180315 
MMFE8_L3P2_IPL 478.6023801 526.9540256 560.4094571 
MMFE8_L3P2_IPR 573.2148731 676.0231698 544.3992460 
MMFE8_L3P3_HOL 466.8785491 539.1618171 597.7698722 
MMFE8_L3P3_HOR 531.7399061 590.8363617 494.3772710 
MMFE8_L3P3_IPL 566.5211228 510.3550700 600.9533552 
MMFE8_L3P3_IPR 523.6879585 637.7294658 503.6635397 
MMFE8_L3P4_HOL 479.0561486 546.9438124 619.4712806 
MMFE8_L3P4_HOR 596.9937595 509.8142775 630.9375914 
MMFE8_L3P4_IPL 526.8123895 653.0639082 587.6182467 
MMFE8_L3P4_IPR 549.8151631 544.4427581 633.3316417 
MMFE8_L3P5_HOL 619.4601806 544.9791106 521.0474881 
MMFE8_L3P5_HOR 538.7369087 730.1898887 575.3669431 
MMFE8_L3P5_IPL 458.1463929 706.4980265 561.9314905 
MMFE8_L3P5_IPR 521.5816206 705.9527939 629.7623223 
MMFE8_L3P6_HOL 471.4313294 560.3202130 768.6230089 
MMFE8_L3P6_HOR 605.9199439 616.4205537 632.5377689 
MMFE8_L3P6_IPL 505.3294293 698.0034105 582.9851023 
MMFE8_L3P6_IPR 586.3492935 627.3749321 700.3908007 
MMFE8_L3P7_HOL 552.9440341 767.5960359 633.2859096 
MMFE8_L3P7_HOR 497.4235578 629.5358821 632.9546853 
MMFE8_L3P7_IPL 442.5855103 503.8797679 600.8272591 
MMFE8_L3P7_IPR 600.9187232 674.1787921 627.2923480 
MMFE8_L3P8_HOL 548.1190815 657.7649846 631.8797603 
MMFE8_L3P8_HOR 639.1032031 753.8773110 609.5549753 
MMFE8_L3P8_IPL 563.7869683 702.7368989 596.2655988 
MMFE8_L3P8_IPR 473.5878394 631.8295882 521.4510844 
MMFE8_L4P1_HOL 532.3242107 542.3364201 427.5623121 
MMFE8_L4P1_HOR 484.3148895 673.8142677 543.8997456 
MMFE8_L4P1_IPL 550.2489515 617.1598144 693.3502861 
MMFE8_L4P1_IPR 501.4937097 584.7659880 545.9381515 
MMFE8_L4P2_HOL 626.3000070 481.4892709 659.7554385 
MMFE8_L4P2_HOR 525.1922320 661.7001603 549.8564552 
MMFE8_L4P2_IPL 574.5797304 543.8105015 603.6395577 
MMFE8_L4P2_IPR 547.1591526 613.5816151 647.0370465 
MMFE8_L4P3_HOL 535.8868700 578.6219102 754.4460755 
MMFE8_L4P3_HOR 520.2513953 574.9522468 671.8997379 
MMFE8_L4P3_IPL 528.8095034 685.5860508 614.7679842 
MMFE8_L4P3_IPR 443.2346389 560.9391496 660.0844428 
MMFE8_L4P4_HOL 548.6354540 603.0921052 592.8356956 
MMFE8_L4P4_HOR 516.9897682 504.7797568 549.4683988 
MMFE8_L4P4_IPL 647.2577147 768.8694291 782.5446420 
MMFE8_L4P4_IPR 506.4802784 574.8563427 578.7635463 
MMFE8_L4P5_HOL 452.3179994 576.6159163 607.8735457 
MMFE8_L4P5_HOR 648.7206961 784.0076233 713.6779572 
MMFE8_L4P5_IPL 584.9298241 672.3535063 614.7222522 
MMFE8_L4P5_IPR 565.3045617 643.2044349 827.3314081 
MMFE8_L4P6_HOL 485.3964745 527.1547138 552.0631372 
MMFE8_L4P6_HOR 474.5602003 553.4368745 523.6444465 
MMFE8_L4P6_IPL 527.1658138 542.7946285 564.0400485 
MMFE8_L4P6_IPR 544.3903660 631.5698480 510.4465341 
MMFE8_L4P7_HOL 481.5372229 610.7191444 579.7057152 
MMFE8_L4P7_HOR 466.3688366 572.1075361 577.9683416 
MMFE8_L4P7_IPL 563.1613717 550.7071600 627.1418318 
MMFE8_L4P7_IPR 507.2417391 561.6983903 495.0317276 
MMFE8_L4P8_HOL 561.0483737 621.3658304 521.7321367 
MMFE8_L4P8_HOR 453.4129045 545.7205913 593.8280365 
MMFE8_L4P8_IPL 452.0067551 584.6074798 715.0104025 
MMFE8_L4P8_IPR 579.2217548 757.9763229 745.7663114 