MMFE8_L1P1_HOL 568.9622371 617.8022830 580.4396479 
MMFE8_L1P1_HOR 628.0040806 605.7818597 653.8893050 
MMFE8_L1P1_IPL 501.9599101 587.4299905 533.2175395 
MMFE8_L1P1_IPR 526.7111574 725.4901443 557.2361861 
MMFE8_L1P2_HOL 656.8854198 554.3213234 626.1161909 
MMFE8_L1P2_HOR 659.1289539 446.1863239 524.3304271 
MMFE8_L1P2_IPL 485.7378811 555.5791765 542.1481639 
MMFE8_L1P2_IPR 536.1958943 591.8735467 667.3314176 
MMFE8_L1P3_HOL 528.1372867 536.9284950 592.6061474 
MMFE8_L1P3_HOR 591.8189346 538.0948841 531.7456781 
MMFE8_L1P3_IPL 582.0051934 594.7036053 514.6059300 
MMFE8_L1P3_IPR 596.6070351 557.5349984 626.8878636 
MMFE8_L1P4_HOL 617.7476710 630.4460829 678.7977284 
MMFE8_L1P4_HOR 503.2243935 566.7164830 608.9631227 
MMFE8_L1P4_IPL 542.4403162 561.9763345 621.3169904 
MMFE8_L1P4_IPR 462.8834036 524.4218912 509.2814770 
MMFE8_L1P5_HOL 543.2821410 622.1588151 755.7363408 
MMFE8_L1P5_HOR 545.9181714 596.7118192 560.5701852 
MMFE8_L1P5_IPL 628.9440295 489.7498688 591.5813944 
MMFE8_L1P5_IPR 449.7010312 586.4531896 667.2834656 
MMFE8_L1P6_HOL 533.0759034 609.7547755 376.0551259 
MMFE8_L1P6_HOR 551.5303367 434.5583969 595.7305783 
MMFE8_L1P6_IPL 523.7851946 619.7558849 543.5654132 
MMFE8_L1P6_IPR 542.5451003 530.8234893 491.2630222 
MMFE8_L1P7_HOL 545.8200474 499.6662040 505.0386090 
MMFE8_L1P7_HOR 511.2874709 523.7416826 593.0945478 
MMFE8_L1P7_IPL 587.2404023 532.2953506 456.8374499 
MMFE8_L1P7_IPR 468.2056366 540.9773348 544.6403382 
MMFE8_L1P8_HOL 435.9254742 443.9840818 589.0390480 
MMFE8_L1P8_HOR 506.1703661 635.8406880 390.1752272 
MMFE8_L1P8_IPL 584.3992436 574.1428340 455.2172924 
MMFE8_L1P8_IPR 649.3498447 658.8736537 573.4035733 
MMFE8_L2P1_HOL 463.8713045 562.5282271 477.3023469 
MMFE8_L2P1_HOR 528.9613515 542.8807646 527.9845506 
MMFE8_L2P1_IPL 512.5475143 486.1738895 606.3204323 
MMFE8_L2P1_IPR 623.0263920 626.6893954 561.9763345 
MMFE8_L2P2_HOL 533.1149754 656.1918911 643.9818797 
MMFE8_L2P2_HOR 539.6559896 570.6694187 622.6840676 
MMFE8_L2P2_IPL 469.5749339 537.4626275 575.5578633 
MMFE8_L2P2_IPR 567.5973798 580.7841922 507.7683236 
MMFE8_L2P3_HOL 517.5820648 605.2499472 626.4953672 
MMFE8_L2P3_HOR 633.0430414 498.4886850 649.6486570 
MMFE8_L2P3_IPL 567.5973798 589.5754005 534.8745491 
MMFE8_L2P3_IPR 433.3396158 663.8646624 520.5191276 
MMFE8_L2P4_HOL 450.9722044 537.1749152 581.1309566 
MMFE8_L2P4_HOR 556.1701411 641.6402215 590.6023735 
MMFE8_L2P4_IPL 531.9943184 618.9296001 489.2592484 
MMFE8_L2P4_IPR 470.1570184 624.9799938 574.6747465 
MMFE8_L2P5_HOL 507.2888031 569.8040619 542.4536362 
MMFE8_L2P5_HOR 514.0540077 705.0186171 679.3775930 
MMFE8_L2P5_IPL 526.7746494 530.9260534 536.5426586 
MMFE8_L2P5_IPR 704.4476325 501.5172417 588.4525234 
MMFE8_L2P6_HOL 546.6485521 613.8036153 555.4397604 
MMFE8_L2P6_HOR 490.6720577 623.7612127 583.9565752 
MMFE8_L2P6_IPL 635.5307757 548.1070935 692.4294292 
MMFE8_L2P6_IPR 592.0107428 585.1731364 572.7189247 
MMFE8_L2P7_HOL 598.6698611 527.3633940 534.6894009 
MMFE8_L2P7_HOR 593.0989878 536.2003343 673.4408634 
MMFE8_L2P7_IPL 575.4575192 638.9495789 595.4819381 
MMFE8_L2P7_IPR 616.2456176 468.2602486 625.0368259 
MMFE8_L2P8_HOL 514.6081500 618.3932476 540.0049739 
MMFE8_L2P8_HOR 514.3683898 614.0020835 587.3842584 
MMFE8_L2P8_IPL 515.5303389 616.8734342 564.1261846 
MMFE8_L2P8_IPR 554.1206352 607.6004855 578.0522577 
MMFE8_L3P1_HOL 618.7835240 639.0521430 651.2621545 
MMFE8_L3P1_HOR 562.4691750 624.7402336 570.7719828 
MMFE8_L3P1_IPL 513.7272532 524.7162635 611.4073450 
MMFE8_L3P1_IPR 584.7371280 507.5698256 688.7664258 
MMFE8_L3P2_HOL 502.3959185 534.1419484 472.1150602 
MMFE8_L3P2_HOR 468.8902852 615.6546530 579.7572193 
MMFE8_L3P2_IPL 647.7017152 583.4770548 659.6675264 
MMFE8_L3P2_IPR 511.8149136 572.3766003 543.3167730 
MMFE8_L3P3_HOL 502.4571906 467.0481275 510.0273977 
MMFE8_L3P3_HOR 610.6223523 633.0887734 691.6968285 
MMFE8_L3P3_IPL 546.9886565 547.7212571 660.2975630 
MMFE8_L3P3_IPR 530.0407165 501.2250894 639.6866196 
MMFE8_L3P4_HOL 560.7531134 548.5431019 633.7689821 
MMFE8_L3P4_HOR 484.3228517 533.6513279 577.1189688 
MMFE8_L3P4_IPL 412.8680885 624.5897174 550.3528476 
MMFE8_L3P4_IPR 539.2723732 526.8181615 528.0391626 
MMFE8_L3P5_HOL 520.9094039 505.0363890 602.2280804 
MMFE8_L3P5_HOR 511.1413947 797.3440639 524.0840069 
MMFE8_L3P5_IPL 477.2366051 633.0363814 537.3098914 
MMFE8_L3P5_IPR 530.1344006 571.6484396 599.9756663 
MMFE8_L3P6_HOL 515.5325589 550.6973919 632.7486691 
MMFE8_L3P6_HOR 488.4698156 653.3050004 512.1572379 
MMFE8_L3P6_IPL 528.4640412 591.9561307 627.3651640 
MMFE8_L3P6_IPR 519.8824310 540.1510500 489.8457729 
MMFE8_L3P7_HOL 460.0466849 544.5399942 602.9038490 
MMFE8_L3P7_HOR 544.9435905 587.9228309 506.3599542 
MMFE8_L3P7_IPL 572.9173928 564.8587853 528.9613515 
MMFE8_L3P7_IPR 563.6901762 569.3067814 685.3018905 
MMFE8_L3P8_HOL 557.8204906 615.9401453 532.4236668 
MMFE8_L3P8_HOR 508.8387788 646.3235379 606.2747002 
MMFE8_L3P8_IPL 533.0212913 520.8112798 555.2435122 
MMFE8_L3P8_IPR 563.1516037 546.7901883 624.4458613 
MMFE8_L4P1_HOL 454.3452755 636.5186766 525.1633719 
MMFE8_L4P1_HOR 614.1894517 635.9232721 593.9208326 
MMFE8_L4P1_IPL 578.3923620 478.5144383 497.8062862 
MMFE8_L4P1_IPR 487.1071783 580.1474956 542.0522598 
MMFE8_L4P2_HOL 628.8938575 633.5336618 588.8450198 
MMFE8_L4P2_HOR 606.8199327 532.0946624 576.0507038 
MMFE8_L4P2_IPL 575.4117872 640.3690483 568.3299805 
MMFE8_L4P2_IPR 518.6614298 632.9471373 566.0362744 
MMFE8_L4P3_HOL 574.6791865 556.1199690 642.5668503 
MMFE8_L4P3_HOR 567.2985676 642.5122383 645.9310415 
MMFE8_L4P3_IPL 436.9022751 557.7814186 621.2734783 
MMFE8_L4P3_IPR 515.9707873 619.2674844 639.7803037 
MMFE8_L4P4_HOL 630.4047909 621.8577829 647.2546067 
MMFE8_L4P4_HOR 526.4278851 539.6146975 504.6940647 
MMFE8_L4P4_IPL 605.8733238 622.9673399 644.4569601 
MMFE8_L4P4_IPR 611.1129728 563.2497277 479.7332194 
MMFE8_L4P5_HOL 587.7243628 505.1846851 693.4630622 
MMFE8_L4P5_HOR 585.3147725 573.8373617 597.5247840 
MMFE8_L4P5_IPL 518.2120716 655.9410309 546.5393280 
MMFE8_L4P5_IPR 562.6085911 580.9236084 534.0371643 
MMFE8_L4P6_HOL 472.9892971 655.1626982 571.8904199 
MMFE8_L4P6_HOR 623.8069447 566.6640910 660.1927789 
MMFE8_L4P6_IPL 591.4766103 570.2311903 574.6267944 
MMFE8_L4P6_IPR 569.3547335 551.5281167 514.4096818 
MMFE8_L4P7_HOL 491.3043143 577.0186247 536.4813866 
MMFE8_L4P7_HOR 604.5262266 574.0011979 360.5701673 
MMFE8_L4P7_IPL 563.9801084 491.2084102 532.4782788 
MMFE8_L4P7_IPR 575.9414797 562.9988675 547.1258526 
MMFE8_L4P8_HOL 438.0686642 656.1394991 529.3995799 
MMFE8_L4P8_HOR 505.4133156 510.5415204 416.2802317 
MMFE8_L4P8_IPL 634.0566943 522.4571596 619.8930810 
MMFE8_L4P8_IPR 618.2449515 629.4781620 554.7528918 
