MMFE8_L1P1_HOL 653.8045009 519.7385748 596.1732467 
MMFE8_L1P1_HOR 576.3295360 642.9961987 744.3392940 
MMFE8_L1P1_IPL 454.5894758 598.9118413 603.5516456 
MMFE8_L1P1_IPR 556.1244090 560.5200132 538.7861927 
MMFE8_L1P2_HOL 479.1120926 554.3257634 623.6786286 
MMFE8_L1P2_HOR 514.8567902 534.8812091 589.8262607 
MMFE8_L1P2_IPL 480.2895817 641.2175331 453.1833264 
MMFE8_L1P2_IPR 506.9922108 533.1216354 569.0190692 
MMFE8_L1P3_HOL 516.4356557 93.2366130 641.9545738 
MMFE8_L1P3_HOR 515.8793232 626.7462275 567.6497719 
MMFE8_L1P3_IPL 498.0549264 593.2930160 614.0500355 
MMFE8_L1P3_IPR 438.7577529 559.6368963 620.6869538 
MMFE8_L1P4_HOL 495.0832316 543.1906769 578.5997102 
MMFE8_L1P4_HOR 477.3502692 560.3783770 598.7178131 
MMFE8_L1P4_IPL 572.8827608 497.9132903 495.9596885 
MMFE8_L1P4_IPR 510.9082945 573.4235533 510.6640943 
MMFE8_L1P5_HOL 604.0879982 555.7363527 613.1234066 
MMFE8_L1P5_HOR 511.4903791 483.4073527 586.7040498 
MMFE8_L1P5_IPL 540.3082262 398.4278629 447.0237086 
MMFE8_L1P5_IPR 551.8815411 562.8705514 546.9975365 
MMFE8_L1P6_HOL 564.3814848 689.6562026 550.9504722 
MMFE8_L1P6_HOR 469.4355177 588.3610594 547.0912206 
MMFE8_L1P6_IPL 578.2942379 677.4395311 660.8339155 
MMFE8_L1P6_IPR 526.4278851 537.1726952 621.9101749 
MMFE8_L1P7_HOL 653.9505770 659.5671823 669.5793917 
MMFE8_L1P7_HOR 484.8357020 527.5707422 537.0945512 
MMFE8_L1P7_IPL 543.5352212 535.7208139 664.6585351 
MMFE8_L1P7_IPR 541.5749594 506.1659261 610.6836244 
MMFE8_L1P8_HOL 515.8815432 586.4554096 619.9108410 
MMFE8_L1P8_HOR 418.8816302 528.2833629 670.8962970 
MMFE8_L1P8_IPL 531.0308374 615.5241169 493.9124025 
MMFE8_L1P8_IPR 502.3066744 651.2688145 567.7523360 
MMFE8_L2P1_HOL 535.5179057 580.2065477 569.7059378 
MMFE8_L2P1_HOR 530.7342452 628.4143370 542.2116560 
MMFE8_L2P1_IPL 572.9720049 567.1111994 544.4005780 
MMFE8_L2P1_IPR 557.6966145 564.7784212 517.6477769 
MMFE8_L2P2_HOL 558.3657232 547.1325126 594.0189567 
MMFE8_L2P2_HOR 549.0514824 596.6705272 558.3310911 
MMFE8_L2P2_IPL 638.4633985 673.3840313 610.8687725 
MMFE8_L2P2_IPR 648.0418195 525.4533042 421.1797763 
MMFE8_L2P3_HOL 489.8546827 614.6410001 550.4163397 
MMFE8_L2P3_HOR 482.6245799 581.7698732 573.2228651 
MMFE8_L2P3_IPL 567.9028521 453.3729146 428.7086914 
MMFE8_L2P3_IPR 520.3841514 488.8823218 657.8688807 
MMFE8_L2P4_HOL 490.7879716 515.2079946 599.4570738 
MMFE8_L2P4_HOR 542.0265078 485.1278543 632.6247930 
MMFE8_L2P4_IPL 503.9659040 549.3871467 558.1783550 
MMFE8_L2P4_IPR 588.6576516 645.8005054 599.4024617 
MMFE8_L2P5_HOL 578.7981784 513.3525168 465.4892718 
MMFE8_L2P5_HOR 625.3378581 534.4953727 521.7969608 
MMFE8_L2P5_IPL 603.4513016 546.3084478 565.6002660 
MMFE8_L2P5_IPR 568.3433005 441.3591513 631.8353602 
MMFE8_L2P6_HOL 592.4121192 565.0616935 584.1093114 
MMFE8_L2P6_HOR 522.1850171 605.2130952 536.1044302 
MMFE8_L2P6_IPL 547.4837169 570.1943383 545.0417146 
MMFE8_L2P6_IPR 452.5968019 586.6627578 645.2708129 
MMFE8_L2P7_HOL 494.1042107 500.9418172 502.8954190 
MMFE8_L2P7_HOR 500.2571685 673.3951313 544.4574101 
MMFE8_L2P7_IPL 604.0422661 520.7699878 556.6674216 
MMFE8_L2P7_IPR 538.1561561 615.5676289 495.9095164 
MMFE8_L2P8_HOL 614.9877644 532.4480868 547.3443008 
MMFE8_L2P8_HOR 666.2174206 600.5275588 657.1820121 
MMFE8_L2P8_IPL 581.2792527 616.4440858 809.3622672 
MMFE8_L2P8_IPR 538.7928527 550.5144638 563.7012762 
MMFE8_L3P1_HOL 500.9529172 637.2166453 622.0762311 
MMFE8_L3P1_HOR 523.4539703 633.0998734 628.2158688 
MMFE8_L3P1_IPL 530.3985809 478.3839319 533.8173841 
MMFE8_L3P1_IPR 475.7869437 641.5989294 624.0165129 
MMFE8_L3P2_HOL 555.0081920 621.9190549 511.0521507 
MMFE8_L3P2_HOR 621.8688829 647.2657068 617.9616792 
MMFE8_L3P2_IPL 489.3729423 515.7465671 649.3240927 
MMFE8_L3P2_IPR 567.8091680 589.2987882 584.6589839 
MMFE8_L3P3_HOL 521.6508846 699.6728520 643.7509995 
MMFE8_L3P3_HOR 487.5609766 578.8918625 639.4535194 
MMFE8_L3P3_IPL 518.4740616 570.9771110 610.7817484 
MMFE8_L3P3_IPR 616.5510899 624.8538977 590.9100658 
MMFE8_L3P4_HOL 581.8591172 624.8383577 606.5233404 
MMFE8_L3P4_HOR 474.3808242 654.3563934 587.9339310 
MMFE8_L3P4_IPL 467.7394659 520.9751160 607.4219973 
MMFE8_L3P4_IPR 574.0602499 565.5132419 618.9930922 
MMFE8_L3P5_HOL 464.2047488 664.4489669 601.9337081 
MMFE8_L3P5_HOR 551.0463763 588.8974119 618.9340401 
MMFE8_L3P5_IPL 542.7391285 473.6304337 747.6231211 
MMFE8_L3P5_IPR 677.4461911 671.0969852 613.2215307 
MMFE8_L3P6_HOL 523.1640381 521.2104362 627.1933359 
MMFE8_L3P6_HOR 564.2789207 623.1311761 535.9516941 
MMFE8_L3P6_IPL 514.4620739 684.1812335 606.7697607 
MMFE8_L3P6_IPR 663.1320617 597.9306004 602.3262045 
MMFE8_L3P7_HOL 557.3365302 826.6893835 586.6405577 
MMFE8_L3P7_HOR 541.6642034 571.9450319 532.1403945 
MMFE8_L3P7_IPL 500.7411290 613.8058353 631.1440516 
MMFE8_L3P7_IPR 595.7305783 595.2421778 657.5132364 
MMFE8_L3P8_HOL 539.7194816 613.9563514 583.6755230 
MMFE8_L3P8_HOR 589.3267603 631.5734000 698.4842629 
MMFE8_L3P8_IPL 524.8823197 623.5392124 666.2742526 
MMFE8_L3P8_IPR 551.5258967 568.3757126 677.0448148 
MMFE8_L4P1_HOL 602.1912284 520.3841514 560.4329891 
MMFE8_L4P1_HOR 590.2689292 607.3629452 633.0039693 
MMFE8_L4P1_IPL 564.5843930 577.2828049 527.9543586 
MMFE8_L4P1_IPR 547.3855928 511.2439588 502.9411510 
MMFE8_L4P2_HOL 597.9372604 662.4061210 727.3633821 
MMFE8_L4P2_HOR 591.9303787 657.3760403 504.0182960 
MMFE8_L4P2_IPL 515.5938309 510.4656261 587.6328987 
MMFE8_L4P2_IPR 658.0562489 551.8291490 579.6679752 
MMFE8_L4P3_HOL 540.3104462 595.4996981 595.4996981 
MMFE8_L4P3_HOR 428.3250751 537.4826075 603.9050700 
MMFE8_L4P3_IPL 437.3538236 573.3733813 680.5772821 
MMFE8_L4P3_IPR 597.4879319 635.3389675 588.6967237 
MMFE8_L4P4_HOL 628.7087093 558.3790432 560.0884448 
MMFE8_L4P4_HOR 492.0959968 426.4061053 598.8114972 
MMFE8_L4P4_IPL 497.6189180 567.7043839 571.1231872 
MMFE8_L4P4_IPR 640.2731442 579.2230868 614.1437196 
MMFE8_L4P5_HOL 590.8487937 539.3225452 547.8695533 
MMFE8_L4P5_HOR 509.3294290 604.8117188 608.9631227 
MMFE8_L4P5_IPL 549.5354429 480.6709781 603.2594934 
MMFE8_L4P5_IPR 506.5060304 511.3900350 538.4962605 
MMFE8_L4P6_HOL 635.3935796 596.0773426 605.8453518 
MMFE8_L4P6_HOR 554.7027197 620.1483813 611.6013732 
MMFE8_L4P6_IPL 504.9973170 624.4112293 741.3831393 
MMFE8_L4P6_IPR 486.0366933 632.3126607 662.8376894 
MMFE8_L4P7_HOL 603.5494256 615.2710367 685.1123023 
MMFE8_L4P7_HOR 529.2144317 568.0422683 590.0202889 
MMFE8_L4P7_IPL 493.3604802 705.0821091 720.9551241 
MMFE8_L4P7_IPR 505.2916892 600.5297788 528.4907111 
MMFE8_L4P8_HOL 514.7608861 653.2224164 658.5948214 
MMFE8_L4P8_HOR 500.5861430 651.2577145 551.8682210 
MMFE8_L4P8_IPL 577.3920290 598.3932488 655.5361025 
MMFE8_L4P8_IPR 585.1797964 640.6132485 626.4496352 
