MMFE8_L1P1_HOL 464.0675527 652.1017593 533.1762475 
MMFE8_L1P1_HOR 547.7647692 621.5132385 566.5681869 
MMFE8_L1P1_IPL 504.5111365 525.2681560 467.1485014 
MMFE8_L1P1_IPR 473.5088074 445.6699812 528.2096588 
MMFE8_L1P2_HOL 520.2336353 682.8709882 522.4314374 
MMFE8_L1P2_HOR 376.4454023 601.1096434 556.9094018 
MMFE8_L1P2_IPL 538.0056400 548.2620497 510.1668138 
MMFE8_L1P2_IPR 416.7428802 576.6940604 587.6830707 
MMFE8_L1P3_HOL 510.7120463 557.3542902 599.3567297 
MMFE8_L1P3_HOR 549.0426024 547.5774010 574.4394263 
MMFE8_L1P3_IPL 616.6993860 527.8105024 626.9557957 
MMFE8_L1P3_IPR 513.2042207 587.9294910 556.9160618 
MMFE8_L1P4_HOL 453.1744464 557.2037741 569.4137855 
MMFE8_L1P4_HOR 604.5395466 621.3893624 580.6079241 
MMFE8_L1P4_IPL 564.8308132 531.8637822 425.8808528 
MMFE8_L1P4_IPR 437.2601395 532.0098584 530.3004568 
MMFE8_L1P5_HOL 596.1386147 616.4072337 548.7637701 
MMFE8_L1P5_HOR 572.3899203 561.8893105 551.8771011 
MMFE8_L1P5_IPL 610.5943803 541.9741157 451.6200010 
MMFE8_L1P5_IPR 576.7921845 606.3404123 618.3062235 
MMFE8_L1P6_HOL 539.6737496 479.6004931 526.9753376 
MMFE8_L1P6_HOR 588.7078237 594.3244290 584.5564198 
MMFE8_L1P6_IPL 550.9438122 595.8766544 568.5262287 
MMFE8_L1P6_IPR 518.1819094 649.0732325 601.9425881 
MMFE8_L1P7_HOL 496.6989492 603.4144495 554.5744036 
MMFE8_L1P7_HOR 549.4985908 604.4436425 604.9320429 
MMFE8_L1P7_IPL 532.9364872 624.2673731 523.1684781 
MMFE8_L1P7_IPR 525.9985367 578.9899865 550.9069601 
MMFE8_L1P8_HOL 454.0118312 609.3232071 595.1595938 
MMFE8_L1P8_HOR 25.6388740 574.8452427 597.3116638 
MMFE8_L1P8_IPL 453.5212108 597.3551758 543.1427248 
MMFE8_L1P8_IPR 629.4892620 597.4990320 544.9959826 
MMFE8_L2P1_HOL 553.9745590 535.1711413 547.1369526 
MMFE8_L2P1_HOR 582.2147616 593.6921724 637.6482137 
MMFE8_L2P1_IPL 532.4547468 506.0811220 635.2630435 
MMFE8_L2P1_IPR 544.9458105 596.2278588 653.6149127 
MMFE8_L2P2_HOL 705.4333135 531.5627499 643.8948556 
MMFE8_L2P2_HOR 570.1463862 632.4174448 639.4992515 
MMFE8_L2P2_IPL 484.1377334 498.5455469 672.1719102 
MMFE8_L2P2_IPR 629.1469377 582.2604936 555.3984684 
MMFE8_L2P3_HOL 557.5483184 651.8096070 619.3309765 
MMFE8_L2P3_HOR 528.8854274 493.2321939 592.3774871 
MMFE8_L2P3_IPL 533.1260754 563.1627037 571.9539119 
MMFE8_L2P3_IPR 491.4726202 598.6765211 573.7680976 
MMFE8_L2P4_HOL 507.3478552 540.3148862 550.8154961 
MMFE8_L2P4_HOR 536.9307150 541.3263191 525.9417047 
MMFE8_L2P4_IPL 583.5840589 539.1396171 620.9466940 
MMFE8_L2P4_IPR 533.3791557 440.3388384 604.1972223 
MMFE8_L2P5_HOL 518.8208260 520.7744278 518.5766257 
MMFE8_L2P5_HOR 526.8292615 680.1870057 553.4470865 
MMFE8_L2P5_IPL 432.7206792 616.3592817 640.7793047 
MMFE8_L2P5_IPR 450.3075655 571.9192799 621.9803270 
MMFE8_L2P6_HOL 572.6385606 700.5994809 477.4004710 
MMFE8_L2P6_HOR 434.7222331 501.8773260 500.6563249 
MMFE8_L2P6_IPL 561.1154177 651.9579032 484.1923454 
MMFE8_L2P6_IPR 533.5798438 624.4223293 602.6885088 
MMFE8_L2P7_HOL 498.1317385 515.9583553 503.5041436 
MMFE8_L2P7_HOR 499.4286637 515.7900791 489.9048548 
MMFE8_L2P7_IPL 567.3185476 586.8545659 518.7227019 
MMFE8_L2P7_IPR 529.7183722 578.3142179 587.8380269 
MMFE8_L2P8_HOL 423.3975584 554.5331116 623.6417765 
MMFE8_L2P8_HOR 640.8294767 592.4778312 520.6829637 
MMFE8_L2P8_IPL 613.3809269 574.5530904 621.9279349 
MMFE8_L2P8_IPR 499.0952194 523.7594426 587.7399028 
MMFE8_L3P1_HOL 502.1605983 564.9200573 536.5928307 
MMFE8_L3P1_HOR 523.3078942 487.8988609 553.5887227 
MMFE8_L3P1_IPL 458.6538854 574.8931947 590.5220094 
MMFE8_L3P1_IPR 507.1449470 650.7346820 479.0619206 
MMFE8_L3P2_HOL 577.4746131 572.5906085 471.0032832 
MMFE8_L3P2_HOR 527.6968383 581.4208888 644.6687483 
MMFE8_L3P2_IPL 641.1238490 568.8405810 565.9101782 
MMFE8_L3P2_IPR 575.4752792 577.4288811 542.7524485 
MMFE8_L3P3_HOL 548.8072822 467.0001754 510.9562466 
MMFE8_L3P3_HOR 574.4483063 532.2016665 504.8512408 
MMFE8_L3P3_IPL 418.2582536 614.3510678 538.1605962 
MMFE8_L3P3_IPR 557.9887668 578.2573859 556.0351650 
MMFE8_L3P4_HOL 613.4222189 627.3416320 528.1963388 
MMFE8_L3P4_HOR 562.1792427 528.4796110 556.8068377 
MMFE8_L3P4_IPL 574.4873783 637.4910376 595.2443978 
MMFE8_L3P4_IPR 524.2411831 562.5806191 537.6721957 
MMFE8_L3P5_HOL 467.7216761 566.8669991 624.9866538 
MMFE8_L3P5_HOR 507.4872713 591.4921503 540.9427028 
MMFE8_L3P5_IPL 544.0058617 625.8129386 500.5381910 
MMFE8_L3P5_IPR 551.8269290 518.3714975 607.2603811 
MMFE8_L3P6_HOL 554.7639918 496.6443371 551.1009883 
MMFE8_L3P6_HOR 495.8571244 614.7826362 487.0659161 
MMFE8_L3P6_IPL 507.8708877 655.3678264 497.8586783 
MMFE8_L3P6_IPR 603.0676852 508.8063965 555.2044402 
MMFE8_L3P7_HOL 548.1115335 611.1151928 590.8465737 
MMFE8_L3P7_HOR 576.0529238 539.9112898 618.5437637 
MMFE8_L3P7_IPL 470.4580507 468.7486491 553.2419583 
MMFE8_L3P7_IPR 487.5476268 588.1581512 528.8174954 
MMFE8_L3P8_HOL 606.1028720 648.3495118 502.0735742 
MMFE8_L3P8_HOR 565.3081137 469.8257941 647.8477913 
MMFE8_L3P8_IPL 645.5452051 657.5110164 505.1300731 
MMFE8_L3P8_IPR 643.6395553 651.2097625 540.0986580 
MMFE8_L4P1_HOL 599.7425661 703.5276637 498.1552705 
MMFE8_L4P1_HOR 603.9441420 669.8782040 517.7414610 
MMFE8_L4P1_IPL 482.8643104 620.3490694 581.7654332 
MMFE8_L4P1_IPR 486.6800797 582.1623695 559.9401486 
MMFE8_L4P2_HOL 462.1184206 557.8449107 635.2563835 
MMFE8_L4P2_HOR 564.6780771 456.7415458 518.0358332 
MMFE8_L4P2_IPL 574.6858465 608.6296784 578.1046497 
MMFE8_L4P2_IPR 610.0056357 641.9958658 610.4940362 
MMFE8_L4P3_HOL 459.1244960 600.0280583 628.5994852 
MMFE8_L4P3_HOR 522.8674458 513.5878370 553.6366747 
MMFE8_L4P3_IPL 553.8284829 514.7564461 662.7417853 
MMFE8_L4P3_IPR 578.4993661 449.0732146 548.2185376 
MMFE8_L4P4_HOL 609.3121071 590.2644892 685.7467789 
MMFE8_L4P4_HOR 562.8683314 544.7975144 554.0771231 
MMFE8_L4P4_IPL 549.9234992 603.6475497 558.4705073 
MMFE8_L4P4_IPR 582.4500818 520.9116239 672.8041668 
MMFE8_L4P5_HOL 629.1860098 512.4583000 589.1371721 
MMFE8_L4P5_HOR 420.9355761 555.2457322 500.7890810 
MMFE8_L4P5_IPL 482.8186081 516.7624400 537.0310591 
MMFE8_L4P5_IPR 484.6238840 588.8974119 547.8717733 
MMFE8_L4P6_HOL 615.2732567 543.2341889 570.0962142 
MMFE8_L4P6_HOR 482.6858520 613.0887746 461.6846322 
MMFE8_L4P6_IPL 578.0087456 547.4837169 583.3811507 
MMFE8_L4P6_IPR 476.2753442 624.7491136 488.4853854 
MMFE8_L4P7_HOL 565.7507821 501.0377212 572.5883885 
MMFE8_L4P7_HOR 610.9367046 478.0917797 518.3848176 
MMFE8_L4P7_IPL 589.9199448 771.8491159 516.4156757 
MMFE8_L4P7_IPR 488.2434052 555.1542681 482.1383995 
MMFE8_L4P8_HOL 507.7159017 551.6719729 607.8380257 
MMFE8_L4P8_HOR 628.3117729 596.0773426 595.5889422 
MMFE8_L4P8_IPL 529.1598197 541.3698312 542.3466321 
MMFE8_L4P8_IPR 587.9161709 599.3935817 521.4937085 
